<!doctype html>
<html lang="en">

<head>
    <meta charset="utf-8" />
</head>

<body>
    <div>
        <script src="https://cdn.jsdelivr.net/npm/mathjax@3.2.2/es5/tex-svg.js"></script>

        <script src="https://cdn.plot.ly/plotly-2.12.1.min.js"></script>

        <div id="plotly-html-element" class="plotly-graph-div" style="height:100%; width:100%;"></div>

        <script type="module">
            const graph_div = document.getElementById("plotly-html-element");
            await Plotly.newPlot(graph_div, {"data":[{"type":"surface","x":[-5.0,-4.8,-4.6,-4.4,-4.2,-4.0,-3.8,-3.6,-3.4,-3.2,-3.0,-2.8,-2.6,-2.4,-2.2,-2.0,-1.7999999999999998,-1.6,-1.4,-1.2000000000000002,-1.0,-0.7999999999999998,-0.5999999999999996,-0.40000000000000036,-0.20000000000000018,0.0,0.20000000000000018,0.40000000000000036,0.5999999999999996,0.7999999999999998,1.0,1.2000000000000002,1.4000000000000004,1.5999999999999996,1.7999999999999998,2.0,2.2,2.4000000000000004,2.5999999999999996,2.8,3.0,3.1999999999999993,3.4000000000000004,3.5999999999999996,3.8000000000000007,4.0,4.199999999999999,4.4,4.6,4.800000000000001],"y":[-5.0,-4.8,-4.6,-4.4,-4.2,-4.0,-3.8,-3.6,-3.4,-3.2,-3.0,-2.8,-2.6,-2.4,-2.2,-2.0,-1.7999999999999998,-1.6,-1.4,-1.2000000000000002,-1.0,-0.7999999999999998,-0.5999999999999996,-0.40000000000000036,-0.20000000000000018,0.0,0.20000000000000018,0.40000000000000036,0.5999999999999996,0.7999999999999998,1.0,1.2000000000000002,1.4000000000000004,1.5999999999999996,1.7999999999999998,2.0,2.2,2.4000000000000004,2.5999999999999996,2.8,3.0,3.1999999999999993,3.4000000000000004,3.5999999999999996,3.8000000000000007,4.0,4.199999999999999,4.4,4.6,4.800000000000001],"z":[[5000.0,4804.0,4616.0,4436.0,4264.0,4100.0,3944.0,3796.0,3656.0,3524.0,3400.0,3284.0,3176.0,3076.0,2984.0,2900.0,2824.0,2756.0,2696.0,2644.0,2600.0,2564.0,2536.0,2516.0,2504.0,2500.0,2504.0,2516.0,2536.0,2564.0,2600.0,2644.0,2696.0,2756.0,2824.0,2900.0,2984.0,3076.0,3176.0,3284.0,3400.0,3523.9999999999995,3656.0,3796.0,3944.0000000000005,4100.0,4264.0,4436.0,4616.0,4804.0],[4804.0,4608.0,4420.0,4240.0,4068.0,3904.0,3748.0,3600.0,3460.0,3328.0,3204.0,3088.0,2980.0,2880.0,2788.0,2704.0,2628.0,2560.0,2500.0,2448.0,2404.0,2368.0,2340.0,2320.0,2308.0,2304.0,2308.0,2320.0,2340.0,2368.0,2404.0,2448.0,2500.0,2560.0,2628.0,2704.0,2788.0,2880.0,2980.0,3088.0,3204.0,3327.9999999999995,3460.0,3600.0,3748.0000000000005,3904.0,4067.9999999999995,4240.0,4420.0,4608.0],[4616.0,4420.0,4231.999999999999,4052.0,3879.9999999999995,3715.9999999999995,3559.9999999999995,3411.9999999999995,3271.9999999999995,3139.9999999999995,3015.9999999999995,2899.9999999999995,2791.9999999999995,2691.9999999999995,2599.9999999999995,2515.9999999999995,2439.9999999999995,2371.9999999999995,2311.9999999999995,2259.9999999999995,2215.9999999999995,2179.9999999999995,2151.9999999999995,2131.9999999999995,2119.9999999999995,2115.9999999999995,2119.9999999999995,2131.9999999999995,2151.9999999999995,2179.9999999999995,2215.9999999999995,2259.9999999999995,2311.9999999999995,2371.9999999999995,2439.9999999999995,2515.9999999999995,2599.9999999999995,2691.9999999999995,2791.999999999999,2899.9999999999995,3015.9999999999995,3139.999999999999,3272.0,3411.999999999999,3560.0,3715.9999999999995,3879.999999999999,4052.0,4231.999999999999,4420.0],[4436.0,4240.0,4052.0,3872.000000000001,3700.0000000000005,3536.0000000000005,3380.0000000000005,3232.0000000000005,3092.0000000000005,2960.0000000000005,2836.0000000000005,2720.0000000000005,2612.0000000000005,2512.0000000000005,2420.0000000000005,2336.0000000000005,2260.0000000000005,2192.0000000000005,2132.0000000000005,2080.0000000000005,2036.0000000000005,2000.0000000000005,1972.0000000000005,1952.0000000000005,1940.0000000000005,1936.0000000000005,1940.0000000000005,1952.0000000000005,1972.0000000000005,2000.0000000000005,2036.0000000000005,2080.0000000000005,2132.0000000000005,2192.0000000000005,2260.0000000000005,2336.0000000000005,2420.0000000000005,2512.0000000000005,2612.0,2720.0000000000005,2836.0000000000005,2960.0,3092.000000000001,3232.0,3380.000000000001,3536.0000000000005,3700.0,3872.000000000001,4052.0,4240.000000000001],[4264.0,4068.0,3879.9999999999995,3700.0000000000005,3528.0,3364.0,3208.0,3060.0,2920.0,2788.0,2664.0,2548.0,2440.0,2340.0,2248.0,2164.0,2088.0,2020.0,1960.0,1908.0,1864.0,1828.0,1800.0,1780.0,1768.0,1764.0,1768.0,1780.0,1800.0,1828.0,1864.0,1908.0,1960.0,2020.0,2088.0,2164.0,2248.0,2340.0,2440.0,2548.0,2664.0,2787.9999999999995,2920.0,3060.0,3208.0000000000005,3364.0,3527.9999999999995,3700.0000000000005,3879.9999999999995,4068.0000000000005],[4100.0,3904.0,3715.9999999999995,3536.0000000000005,3364.0,3200.0,3044.0,2896.0,2756.0,2624.0,2500.0,2384.0,2276.0,2176.0,2084.0,2000.0,1924.0,1856.0,1796.0,1744.0,1700.0,1664.0,1636.0,1616.0,1604.0,1600.0,1604.0,1616.0,1636.0,1664.0,1700.0,1744.0,1796.0,1856.0,1924.0,2000.0,2084.0,2176.0,2276.0,2384.0,2500.0,2623.9999999999995,2756.0,2896.0,3044.0000000000005,3200.0,3363.9999999999995,3536.0000000000005,3715.9999999999995,3904.0000000000005],[3944.0,3748.0,3559.9999999999995,3380.0000000000005,3208.0,3044.0,2888.0,2740.0,2600.0,2468.0,2344.0,2228.0,2120.0,2020.0,1928.0,1844.0,1768.0,1700.0,1640.0,1588.0,1544.0,1508.0,1480.0,1460.0,1448.0,1444.0,1448.0,1460.0,1480.0,1508.0,1544.0,1588.0,1640.0,1700.0,1768.0,1844.0,1928.0,2020.0,2120.0,2228.0,2344.0,2467.9999999999995,2600.0,2740.0,2888.0000000000005,3044.0,3207.9999999999995,3380.0000000000005,3559.9999999999995,3748.0000000000005],[3796.0,3600.0,3411.9999999999995,3232.0000000000005,3060.0,2896.0,2740.0,2592.0,2452.0,2320.0,2196.0,2080.0,1972.0,1872.0,1780.0,1696.0,1620.0,1552.0,1492.0,1440.0,1396.0,1360.0,1332.0,1312.0,1300.0,1296.0,1300.0,1312.0,1332.0,1360.0,1396.0,1440.0,1492.0,1552.0,1620.0,1696.0,1780.0,1872.0,1971.9999999999998,2080.0,2196.0,2319.9999999999995,2452.0,2592.0,2740.0000000000005,2896.0,3059.9999999999995,3232.0000000000005,3411.9999999999995,3600.0000000000005],[3656.0,3460.0,3271.9999999999995,3092.0000000000005,2920.0,2756.0,2600.0,2452.0,2312.0,2180.0,2056.0,1940.0,1832.0,1732.0,1640.0,1556.0,1480.0,1412.0,1352.0,1300.0,1256.0,1220.0,1192.0,1172.0,1160.0,1156.0,1160.0,1172.0,1192.0,1220.0,1256.0,1300.0,1352.0,1412.0,1480.0,1556.0,1640.0,1732.0,1831.9999999999998,1940.0,2056.0,2179.9999999999995,2312.0,2452.0,2600.0000000000005,2756.0,2919.9999999999995,3092.0000000000005,3271.9999999999995,3460.0000000000005],[3524.0,3328.0,3139.9999999999995,2960.0000000000005,2788.0,2624.0,2468.0,2320.0,2180.0,2048.0,1924.0,1808.0,1700.0,1600.0,1508.0,1424.0,1348.0,1280.0,1220.0,1168.0,1124.0,1088.0,1060.0,1040.0,1028.0,1024.0,1028.0,1040.0,1060.0,1088.0,1124.0,1168.0,1220.0,1280.0,1348.0,1424.0,1508.0,1600.0,1699.9999999999998,1808.0,1924.0,2047.9999999999995,2180.0,2320.0,2468.0000000000005,2624.0,2787.9999999999995,2960.0000000000005,3139.9999999999995,3328.0000000000005],[3400.0,3204.0,3015.9999999999995,2836.0000000000005,2664.0,2500.0,2344.0,2196.0,2056.0,1924.0,1800.0,1684.0,1576.0,1476.0,1384.0,1300.0,1224.0,1156.0,1096.0,1044.0,1000.0,964.0,936.0,916.0,904.0,900.0,904.0,916.0,936.0,964.0,1000.0,1044.0,1096.0,1156.0,1224.0,1300.0,1384.0,1476.0,1575.9999999999998,1684.0,1800.0,1923.9999999999995,2056.0,2196.0,2344.0000000000005,2500.0,2663.9999999999995,2836.0000000000005,3015.9999999999995,3204.0000000000005],[3284.0,3088.0,2899.9999999999995,2720.0000000000005,2548.0,2384.0,2228.0,2080.0,1940.0,1808.0,1684.0,1568.0,1460.0,1360.0,1268.0,1184.0,1108.0,1040.0,980.0,928.0,884.0,848.0,820.0,800.0,788.0,784.0,788.0,800.0,820.0,848.0,884.0,928.0,980.0000000000001,1040.0,1108.0,1184.0,1268.0,1360.0,1459.9999999999998,1568.0,1684.0,1807.9999999999995,1940.0000000000002,2080.0,2228.0000000000005,2384.0,2547.9999999999995,2720.0000000000005,2899.9999999999995,3088.0000000000005],[3176.0,2980.0,2791.9999999999995,2612.0000000000005,2440.0,2276.0,2120.0,1972.0,1832.0,1700.0,1576.0,1460.0,1352.0,1252.0,1160.0,1076.0,1000.0,932.0,872.0,820.0,776.0,740.0,712.0,692.0,680.0,676.0,680.0,692.0,712.0,740.0,776.0,820.0,872.0000000000001,931.9999999999999,1000.0,1076.0,1160.0,1252.0,1351.9999999999998,1460.0,1576.0,1699.9999999999995,1832.0000000000002,1971.9999999999998,2120.0000000000005,2276.0,2439.9999999999995,2612.0000000000005,2791.9999999999995,2980.0000000000005],[3076.0,2880.0,2691.9999999999995,2512.0000000000005,2340.0,2176.0,2020.0,1872.0,1732.0,1600.0,1476.0,1360.0,1252.0,1152.0,1060.0,976.0,900.0,832.0,772.0,720.0,676.0,640.0,612.0,592.0,580.0,576.0,580.0,592.0,612.0,640.0,676.0,720.0,772.0000000000001,831.9999999999999,900.0,976.0,1060.0,1152.0,1251.9999999999998,1360.0,1476.0,1599.9999999999995,1732.0000000000002,1871.9999999999998,2020.0000000000005,2176.0,2339.9999999999995,2512.0000000000005,2691.9999999999995,2880.0000000000005],[2984.0,2788.0,2599.9999999999995,2420.0000000000005,2248.0,2084.0,1928.0,1780.0,1640.0,1508.0,1384.0,1268.0,1160.0,1060.0,968.0000000000002,884.0000000000001,808.0,740.0000000000001,680.0000000000001,628.0000000000001,584.0000000000001,548.0000000000001,520.0000000000001,500.0000000000001,488.0000000000001,484.0000000000001,488.0000000000001,500.0000000000001,520.0000000000001,548.0000000000001,584.0000000000001,628.0000000000001,680.0000000000002,740.0,808.0,884.0000000000001,968.0000000000002,1060.0000000000002,1160.0,1268.0,1384.0,1507.9999999999995,1640.0000000000005,1780.0,1928.0000000000005,2084.0,2247.9999999999995,2420.0000000000005,2599.9999999999995,2788.0000000000005],[2900.0,2704.0,2515.9999999999995,2336.0000000000005,2164.0,2000.0,1844.0,1696.0,1556.0,1424.0,1300.0,1184.0,1076.0,976.0,884.0000000000001,800.0,724.0,656.0,596.0,544.0,500.0,464.0,435.99999999999994,416.0,404.0,400.0,404.0,416.0,435.99999999999994,464.0,500.0,544.0,596.0000000000001,655.9999999999999,724.0,800.0,884.0000000000001,976.0000000000001,1075.9999999999998,1184.0,1300.0,1423.9999999999995,1556.0000000000002,1695.9999999999998,1844.0000000000005,2000.0,2163.9999999999995,2336.0000000000005,2515.9999999999995,2704.0000000000005],[2824.0,2628.0,2439.9999999999995,2260.0000000000005,2088.0,1924.0,1768.0,1620.0,1480.0,1348.0,1224.0,1108.0,1000.0,900.0,808.0,724.0,647.9999999999999,580.0,520.0,468.0,423.99999999999994,387.9999999999999,359.9999999999999,340.0,327.99999999999994,323.99999999999994,327.99999999999994,340.0,359.9999999999999,387.9999999999999,423.99999999999994,468.0,520.0,579.9999999999998,647.9999999999999,724.0,808.0,900.0,999.9999999999998,1108.0,1224.0,1347.9999999999995,1480.0000000000002,1619.9999999999998,1768.0000000000005,1924.0,2087.9999999999995,2260.0000000000005,2439.9999999999995,2628.0000000000005],[2756.0,2560.0,2371.9999999999995,2192.0000000000005,2020.0,1856.0,1700.0,1552.0,1412.0,1280.0,1156.0,1040.0,932.0,832.0,740.0000000000001,656.0,580.0,512.0,452.0,400.0,356.0,320.0,291.99999999999994,272.0,260.0,256.0,260.0,272.0,291.99999999999994,320.0,356.0,400.0,452.0000000000001,511.9999999999999,580.0,656.0,740.0000000000001,832.0000000000001,931.9999999999998,1040.0,1156.0,1279.9999999999995,1412.0000000000002,1551.9999999999998,1700.0000000000005,1856.0,2019.9999999999995,2192.0000000000005,2371.9999999999995,2560.0000000000005],[2696.0,2500.0,2311.9999999999995,2132.0000000000005,1960.0,1796.0,1640.0,1492.0,1352.0,1220.0,1096.0,980.0,872.0,772.0,680.0000000000001,596.0,520.0,452.0,392.0,340.0,296.0,260.0,231.99999999999994,212.00000000000003,200.0,196.0,200.0,212.00000000000003,231.99999999999994,260.0,296.0,340.0,392.0000000000001,451.9999999999999,520.0,596.0,680.0000000000001,772.0000000000001,871.9999999999998,980.0,1096.0,1219.9999999999995,1352.0000000000002,1491.9999999999998,1640.0000000000005,1796.0,1959.9999999999995,2132.0000000000005,2311.9999999999995,2500.0000000000005],[2644.0,2448.0,2259.9999999999995,2080.0000000000005,1908.0,1744.0,1588.0,1440.0,1300.0,1168.0,1044.0,928.0,820.0,720.0,628.0000000000001,544.0,468.0,400.0,340.0,288.00000000000006,244.00000000000003,208.0,180.0,160.00000000000006,148.00000000000003,144.00000000000003,148.00000000000003,160.00000000000006,180.0,208.0,244.00000000000003,288.00000000000006,340.0000000000001,399.9999999999999,468.0,544.0,628.0000000000001,720.0000000000001,819.9999999999998,928.0,1044.0,1167.9999999999995,1300.0000000000002,1439.9999999999998,1588.0000000000005,1744.0,1907.9999999999995,2080.0000000000005,2259.9999999999995,2448.0000000000005],[2600.0,2404.0,2215.9999999999995,2036.0000000000005,1864.0,1700.0,1544.0,1396.0,1256.0,1124.0,1000.0,884.0,776.0,676.0,584.0000000000001,500.0,423.99999999999994,356.0,296.0,244.00000000000003,200.0,163.99999999999997,135.99999999999994,116.00000000000003,104.0,100.0,104.0,116.00000000000003,135.99999999999994,163.99999999999997,200.0,244.00000000000003,296.0000000000001,355.9999999999999,423.99999999999994,500.0,584.0000000000001,676.0000000000001,775.9999999999998,884.0,1000.0,1123.9999999999995,1256.0000000000002,1395.9999999999998,1544.0000000000005,1700.0,1863.9999999999995,2036.0000000000005,2215.9999999999995,2404.0000000000005],[2564.0,2368.0,2179.9999999999995,2000.0000000000005,1828.0,1664.0,1508.0,1360.0,1220.0,1088.0,964.0,848.0,740.0,640.0,548.0000000000001,464.0,387.9999999999999,320.0,260.0,208.0,163.99999999999997,127.99999999999994,99.99999999999993,80.0,67.99999999999997,63.99999999999997,67.99999999999997,80.0,99.99999999999993,127.99999999999994,163.99999999999997,208.0,260.00000000000006,319.9999999999999,387.9999999999999,464.0,548.0000000000001,640.0000000000001,739.9999999999998,848.0,964.0,1087.9999999999995,1220.0000000000002,1359.9999999999998,1508.0000000000005,1664.0,1827.9999999999995,2000.0000000000005,2179.9999999999995,2368.0000000000005],[2536.0,2340.0,2151.9999999999995,1972.0000000000005,1800.0,1636.0,1480.0,1332.0,1192.0,1060.0,936.0,820.0,712.0,612.0,520.0000000000001,435.99999999999994,359.9999999999999,291.99999999999994,231.99999999999994,180.0,135.99999999999994,99.99999999999993,71.99999999999991,51.999999999999986,39.999999999999964,35.99999999999996,39.999999999999964,51.999999999999986,71.99999999999991,99.99999999999993,135.99999999999994,180.0,232.00000000000006,291.99999999999983,359.9999999999999,435.99999999999994,520.0000000000001,612.0000000000001,711.9999999999998,820.0,936.0,1059.9999999999995,1192.0000000000002,1331.9999999999998,1480.0000000000005,1636.0,1799.9999999999995,1972.0000000000005,2151.9999999999995,2340.0000000000005],[2516.0,2320.0,2131.9999999999995,1952.0000000000005,1780.0,1616.0,1460.0,1312.0,1172.0,1040.0,916.0,800.0,692.0,592.0,500.0000000000001,416.0,340.0,272.0,212.00000000000003,160.00000000000006,116.00000000000003,80.0,51.999999999999986,32.00000000000006,20.000000000000036,16.00000000000003,20.000000000000036,32.00000000000006,51.999999999999986,80.0,116.00000000000003,160.00000000000006,212.0000000000001,271.9999999999999,340.0,416.0,500.0000000000001,592.0000000000001,691.9999999999998,800.0,916.0,1039.9999999999995,1172.0000000000002,1311.9999999999998,1460.0000000000005,1616.0,1779.9999999999995,1952.0000000000005,2131.9999999999995,2320.0000000000005],[2504.0,2308.0,2119.9999999999995,1940.0000000000005,1768.0,1604.0,1448.0,1300.0,1160.0,1028.0,904.0,788.0,680.0,580.0,488.0000000000001,404.0,327.99999999999994,260.0,200.0,148.00000000000003,104.0,67.99999999999997,39.999999999999964,20.000000000000036,8.000000000000014,4.000000000000007,8.000000000000014,20.000000000000036,39.999999999999964,67.99999999999997,104.0,148.00000000000003,200.00000000000009,259.9999999999999,327.99999999999994,404.0,488.0000000000001,580.0000000000001,679.9999999999998,788.0,904.0,1027.9999999999995,1160.0000000000002,1299.9999999999998,1448.0000000000005,1604.0,1767.9999999999995,1940.0000000000005,2119.9999999999995,2308.0000000000005],[2500.0,2304.0,2115.9999999999995,1936.0000000000005,1764.0,1600.0,1444.0,1296.0,1156.0,1024.0,900.0,784.0,676.0,576.0,484.0000000000001,400.0,323.99999999999994,256.0,196.0,144.00000000000003,100.0,63.99999999999997,35.99999999999996,16.00000000000003,4.000000000000007,0.0,4.000000000000007,16.00000000000003,35.99999999999996,63.99999999999997,100.0,144.00000000000003,196.00000000000009,255.9999999999999,323.99999999999994,400.0,484.0000000000001,576.0000000000001,675.9999999999998,784.0,900.0,1023.9999999999995,1156.0000000000002,1295.9999999999998,1444.0000000000005,1600.0,1763.9999999999995,1936.0000000000005,2115.9999999999995,2304.0000000000005],[2504.0,2308.0,2119.9999999999995,1940.0000000000005,1768.0,1604.0,1448.0,1300.0,1160.0,1028.0,904.0,788.0,680.0,580.0,488.0000000000001,404.0,327.99999999999994,260.0,200.0,148.00000000000003,104.0,67.99999999999997,39.999999999999964,20.000000000000036,8.000000000000014,4.000000000000007,8.000000000000014,20.000000000000036,39.999999999999964,67.99999999999997,104.0,148.00000000000003,200.00000000000009,259.9999999999999,327.99999999999994,404.0,488.0000000000001,580.0000000000001,679.9999999999998,788.0,904.0,1027.9999999999995,1160.0000000000002,1299.9999999999998,1448.0000000000005,1604.0,1767.9999999999995,1940.0000000000005,2119.9999999999995,2308.0000000000005],[2516.0,2320.0,2131.9999999999995,1952.0000000000005,1780.0,1616.0,1460.0,1312.0,1172.0,1040.0,916.0,800.0,692.0,592.0,500.0000000000001,416.0,340.0,272.0,212.00000000000003,160.00000000000006,116.00000000000003,80.0,51.999999999999986,32.00000000000006,20.000000000000036,16.00000000000003,20.000000000000036,32.00000000000006,51.999999999999986,80.0,116.00000000000003,160.00000000000006,212.0000000000001,271.9999999999999,340.0,416.0,500.0000000000001,592.0000000000001,691.9999999999998,800.0,916.0,1039.9999999999995,1172.0000000000002,1311.9999999999998,1460.0000000000005,1616.0,1779.9999999999995,1952.0000000000005,2131.9999999999995,2320.0000000000005],[2536.0,2340.0,2151.9999999999995,1972.0000000000005,1800.0,1636.0,1480.0,1332.0,1192.0,1060.0,936.0,820.0,712.0,612.0,520.0000000000001,435.99999999999994,359.9999999999999,291.99999999999994,231.99999999999994,180.0,135.99999999999994,99.99999999999993,71.99999999999991,51.999999999999986,39.999999999999964,35.99999999999996,39.999999999999964,51.999999999999986,71.99999999999991,99.99999999999993,135.99999999999994,180.0,232.00000000000006,291.99999999999983,359.9999999999999,435.99999999999994,520.0000000000001,612.0000000000001,711.9999999999998,820.0,936.0,1059.9999999999995,1192.0000000000002,1331.9999999999998,1480.0000000000005,1636.0,1799.9999999999995,1972.0000000000005,2151.9999999999995,2340.0000000000005],[2564.0,2368.0,2179.9999999999995,2000.0000000000005,1828.0,1664.0,1508.0,1360.0,1220.0,1088.0,964.0,848.0,740.0,640.0,548.0000000000001,464.0,387.9999999999999,320.0,260.0,208.0,163.99999999999997,127.99999999999994,99.99999999999993,80.0,67.99999999999997,63.99999999999997,67.99999999999997,80.0,99.99999999999993,127.99999999999994,163.99999999999997,208.0,260.00000000000006,319.9999999999999,387.9999999999999,464.0,548.0000000000001,640.0000000000001,739.9999999999998,848.0,964.0,1087.9999999999995,1220.0000000000002,1359.9999999999998,1508.0000000000005,1664.0,1827.9999999999995,2000.0000000000005,2179.9999999999995,2368.0000000000005],[2600.0,2404.0,2215.9999999999995,2036.0000000000005,1864.0,1700.0,1544.0,1396.0,1256.0,1124.0,1000.0,884.0,776.0,676.0,584.0000000000001,500.0,423.99999999999994,356.0,296.0,244.00000000000003,200.0,163.99999999999997,135.99999999999994,116.00000000000003,104.0,100.0,104.0,116.00000000000003,135.99999999999994,163.99999999999997,200.0,244.00000000000003,296.0000000000001,355.9999999999999,423.99999999999994,500.0,584.0000000000001,676.0000000000001,775.9999999999998,884.0,1000.0,1123.9999999999995,1256.0000000000002,1395.9999999999998,1544.0000000000005,1700.0,1863.9999999999995,2036.0000000000005,2215.9999999999995,2404.0000000000005],[2644.0,2448.0,2259.9999999999995,2080.0000000000005,1908.0,1744.0,1588.0,1440.0,1300.0,1168.0,1044.0,928.0,820.0,720.0,628.0000000000001,544.0,468.0,400.0,340.0,288.00000000000006,244.00000000000003,208.0,180.0,160.00000000000006,148.00000000000003,144.00000000000003,148.00000000000003,160.00000000000006,180.0,208.0,244.00000000000003,288.00000000000006,340.0000000000001,399.9999999999999,468.0,544.0,628.0000000000001,720.0000000000001,819.9999999999998,928.0,1044.0,1167.9999999999995,1300.0000000000002,1439.9999999999998,1588.0000000000005,1744.0,1907.9999999999995,2080.0000000000005,2259.9999999999995,2448.0000000000005],[2696.0,2500.0,2311.9999999999995,2132.0000000000005,1960.0,1796.0,1640.0,1492.0,1352.0,1220.0,1096.0,980.0000000000001,872.0000000000001,772.0000000000001,680.0000000000002,596.0000000000001,520.0,452.0000000000001,392.0000000000001,340.0000000000001,296.0000000000001,260.00000000000006,232.00000000000006,212.0000000000001,200.00000000000009,196.00000000000009,200.00000000000009,212.0000000000001,232.00000000000006,260.00000000000006,296.0000000000001,340.0000000000001,392.00000000000017,452.0,520.0,596.0000000000001,680.0000000000002,772.0000000000002,871.9999999999999,980.0000000000001,1096.0,1219.9999999999995,1352.0000000000002,1491.9999999999998,1640.0000000000005,1796.0,1959.9999999999995,2132.0000000000005,2311.9999999999995,2500.0000000000005],[2756.0,2560.0,2371.9999999999995,2192.0000000000005,2020.0,1856.0,1700.0,1552.0,1412.0,1280.0,1156.0,1040.0,931.9999999999999,831.9999999999999,740.0,655.9999999999999,579.9999999999998,511.9999999999999,451.9999999999999,399.9999999999999,355.9999999999999,319.9999999999999,291.99999999999983,271.9999999999999,259.9999999999999,255.9999999999999,259.9999999999999,271.9999999999999,291.99999999999983,319.9999999999999,355.9999999999999,399.9999999999999,452.0,511.9999999999998,579.9999999999998,655.9999999999999,740.0,832.0,931.9999999999997,1040.0,1156.0,1279.9999999999995,1412.0,1551.9999999999995,1700.0000000000005,1856.0,2019.9999999999995,2192.0000000000005,2371.9999999999995,2560.0000000000005],[2824.0,2628.0,2439.9999999999995,2260.0000000000005,2088.0,1924.0,1768.0,1620.0,1480.0,1348.0,1224.0,1108.0,1000.0,900.0,808.0,724.0,647.9999999999999,580.0,520.0,468.0,423.99999999999994,387.9999999999999,359.9999999999999,340.0,327.99999999999994,323.99999999999994,327.99999999999994,340.0,359.9999999999999,387.9999999999999,423.99999999999994,468.0,520.0,579.9999999999998,647.9999999999999,724.0,808.0,900.0,999.9999999999998,1108.0,1224.0,1347.9999999999995,1480.0000000000002,1619.9999999999998,1768.0000000000005,1924.0,2087.9999999999995,2260.0000000000005,2439.9999999999995,2628.0000000000005],[2900.0,2704.0,2515.9999999999995,2336.0000000000005,2164.0,2000.0,1844.0,1696.0,1556.0,1424.0,1300.0,1184.0,1076.0,976.0,884.0000000000001,800.0,724.0,656.0,596.0,544.0,500.0,464.0,435.99999999999994,416.0,404.0,400.0,404.0,416.0,435.99999999999994,464.0,500.0,544.0,596.0000000000001,655.9999999999999,724.0,800.0,884.0000000000001,976.0000000000001,1075.9999999999998,1184.0,1300.0,1423.9999999999995,1556.0000000000002,1695.9999999999998,1844.0000000000005,2000.0,2163.9999999999995,2336.0000000000005,2515.9999999999995,2704.0000000000005],[2984.0,2788.0,2599.9999999999995,2420.0000000000005,2248.0,2084.0,1928.0,1780.0,1640.0,1508.0,1384.0,1268.0,1160.0,1060.0,968.0000000000002,884.0000000000001,808.0,740.0000000000001,680.0000000000001,628.0000000000001,584.0000000000001,548.0000000000001,520.0000000000001,500.0000000000001,488.0000000000001,484.0000000000001,488.0000000000001,500.0000000000001,520.0000000000001,548.0000000000001,584.0000000000001,628.0000000000001,680.0000000000002,740.0,808.0,884.0000000000001,968.0000000000002,1060.0000000000002,1160.0,1268.0,1384.0,1507.9999999999995,1640.0000000000005,1780.0,1928.0000000000005,2084.0,2247.9999999999995,2420.0000000000005,2599.9999999999995,2788.0000000000005],[3076.0,2880.0,2691.9999999999995,2512.0000000000005,2340.0,2176.0,2020.0,1872.0,1732.0,1600.0,1476.0,1360.0,1252.0,1152.0,1060.0000000000002,976.0000000000001,900.0,832.0000000000001,772.0000000000001,720.0000000000001,676.0000000000001,640.0000000000001,612.0000000000001,592.0000000000001,580.0000000000001,576.0000000000001,580.0000000000001,592.0000000000001,612.0000000000001,640.0000000000001,676.0000000000001,720.0000000000001,772.0000000000002,832.0,900.0,976.0000000000001,1060.0000000000002,1152.0000000000002,1252.0,1360.0,1476.0,1599.9999999999995,1732.0000000000005,1872.0,2020.0000000000005,2176.0,2339.9999999999995,2512.0000000000005,2691.9999999999995,2880.0000000000005],[3176.0,2980.0,2791.999999999999,2612.0,2440.0,2276.0,2120.0,1971.9999999999998,1831.9999999999998,1699.9999999999998,1575.9999999999998,1459.9999999999998,1351.9999999999998,1251.9999999999998,1160.0,1075.9999999999998,999.9999999999998,931.9999999999998,871.9999999999998,819.9999999999998,775.9999999999998,739.9999999999998,711.9999999999998,691.9999999999998,679.9999999999998,675.9999999999998,679.9999999999998,691.9999999999998,711.9999999999998,739.9999999999998,775.9999999999998,819.9999999999998,871.9999999999999,931.9999999999997,999.9999999999998,1075.9999999999998,1160.0,1252.0,1351.9999999999995,1459.9999999999998,1575.9999999999998,1699.9999999999993,1832.0,1971.9999999999995,2120.0,2276.0,2439.999999999999,2612.0,2791.999999999999,2980.0],[3284.0,3088.0,2899.9999999999995,2720.0000000000005,2548.0,2384.0,2228.0,2080.0,1940.0,1808.0,1684.0,1568.0,1460.0,1360.0,1268.0,1184.0,1108.0,1040.0,980.0,928.0,884.0,848.0,820.0,800.0,788.0,784.0,788.0,800.0,820.0,848.0,884.0,928.0,980.0000000000001,1040.0,1108.0,1184.0,1268.0,1360.0,1459.9999999999998,1568.0,1684.0,1807.9999999999995,1940.0000000000002,2080.0,2228.0000000000005,2384.0,2547.9999999999995,2720.0000000000005,2899.9999999999995,3088.0000000000005],[3400.0,3204.0,3015.9999999999995,2836.0000000000005,2664.0,2500.0,2344.0,2196.0,2056.0,1924.0,1800.0,1684.0,1576.0,1476.0,1384.0,1300.0,1224.0,1156.0,1096.0,1044.0,1000.0,964.0,936.0,916.0,904.0,900.0,904.0,916.0,936.0,964.0,1000.0,1044.0,1096.0,1156.0,1224.0,1300.0,1384.0,1476.0,1575.9999999999998,1684.0,1800.0,1923.9999999999995,2056.0,2196.0,2344.0000000000005,2500.0,2663.9999999999995,2836.0000000000005,3015.9999999999995,3204.0000000000005],[3523.9999999999995,3327.9999999999995,3139.999999999999,2960.0,2787.9999999999995,2623.9999999999995,2467.9999999999995,2319.9999999999995,2179.9999999999995,2047.9999999999995,1923.9999999999995,1807.9999999999995,1699.9999999999995,1599.9999999999995,1507.9999999999995,1423.9999999999995,1347.9999999999995,1279.9999999999995,1219.9999999999995,1167.9999999999995,1123.9999999999995,1087.9999999999995,1059.9999999999995,1039.9999999999995,1027.9999999999995,1023.9999999999995,1027.9999999999995,1039.9999999999995,1059.9999999999995,1087.9999999999995,1123.9999999999995,1167.9999999999995,1219.9999999999995,1279.9999999999995,1347.9999999999995,1423.9999999999995,1507.9999999999995,1599.9999999999995,1699.9999999999993,1807.9999999999995,1923.9999999999995,2047.999999999999,2180.0,2319.999999999999,2468.0,2623.9999999999995,2787.999999999999,2960.0,3139.999999999999,3328.0],[3656.0,3460.0,3272.0,3092.000000000001,2920.0,2756.0,2600.0,2452.0,2312.0,2180.0,2056.0,1940.0000000000002,1832.0000000000002,1732.0000000000002,1640.0000000000005,1556.0000000000002,1480.0000000000002,1412.0000000000002,1352.0000000000002,1300.0000000000002,1256.0000000000002,1220.0000000000002,1192.0000000000002,1172.0000000000002,1160.0000000000002,1156.0000000000002,1160.0000000000002,1172.0000000000002,1192.0000000000002,1220.0000000000002,1256.0000000000002,1300.0000000000002,1352.0000000000002,1412.0,1480.0000000000002,1556.0000000000002,1640.0000000000005,1732.0000000000005,1832.0,1940.0000000000002,2056.0,2180.0,2312.0000000000005,2452.0,2600.000000000001,2756.0,2920.0,3092.000000000001,3272.0,3460.000000000001],[3796.0,3600.0,3411.999999999999,3232.0,3060.0,2896.0,2740.0,2592.0,2452.0,2320.0,2196.0,2080.0,1971.9999999999998,1871.9999999999998,1780.0,1695.9999999999998,1619.9999999999998,1551.9999999999998,1491.9999999999998,1439.9999999999998,1395.9999999999998,1359.9999999999998,1331.9999999999998,1311.9999999999998,1299.9999999999998,1295.9999999999998,1299.9999999999998,1311.9999999999998,1331.9999999999998,1359.9999999999998,1395.9999999999998,1439.9999999999998,1491.9999999999998,1551.9999999999995,1619.9999999999998,1695.9999999999998,1780.0,1872.0,1971.9999999999995,2080.0,2196.0,2319.999999999999,2452.0,2591.9999999999995,2740.0,2896.0,3059.999999999999,3232.0,3411.999999999999,3600.0],[3944.0000000000005,3748.0000000000005,3560.0,3380.000000000001,3208.0000000000005,3044.0000000000005,2888.0000000000005,2740.0000000000005,2600.0000000000005,2468.0000000000005,2344.0000000000005,2228.0000000000005,2120.0000000000005,2020.0000000000005,1928.0000000000005,1844.0000000000005,1768.0000000000005,1700.0000000000005,1640.0000000000005,1588.0000000000005,1544.0000000000005,1508.0000000000005,1480.0000000000005,1460.0000000000005,1448.0000000000005,1444.0000000000005,1448.0000000000005,1460.0000000000005,1480.0000000000005,1508.0000000000005,1544.0000000000005,1588.0000000000005,1640.0000000000005,1700.0000000000005,1768.0000000000005,1844.0000000000005,1928.0000000000005,2020.0000000000005,2120.0,2228.0000000000005,2344.0000000000005,2468.0,2600.000000000001,2740.0,2888.000000000001,3044.0000000000005,3208.0,3380.000000000001,3560.0,3748.000000000001],[4100.0,3904.0,3715.9999999999995,3536.0000000000005,3364.0,3200.0,3044.0,2896.0,2756.0,2624.0,2500.0,2384.0,2276.0,2176.0,2084.0,2000.0,1924.0,1856.0,1796.0,1744.0,1700.0,1664.0,1636.0,1616.0,1604.0,1600.0,1604.0,1616.0,1636.0,1664.0,1700.0,1744.0,1796.0,1856.0,1924.0,2000.0,2084.0,2176.0,2276.0,2384.0,2500.0,2623.9999999999995,2756.0,2896.0,3044.0000000000005,3200.0,3363.9999999999995,3536.0000000000005,3715.9999999999995,3904.0000000000005],[4264.0,4067.9999999999995,3879.999999999999,3700.0,3527.9999999999995,3363.9999999999995,3207.9999999999995,3059.9999999999995,2919.9999999999995,2787.9999999999995,2663.9999999999995,2547.9999999999995,2439.9999999999995,2339.9999999999995,2247.9999999999995,2163.9999999999995,2087.9999999999995,2019.9999999999995,1959.9999999999995,1907.9999999999995,1863.9999999999995,1827.9999999999995,1799.9999999999995,1779.9999999999995,1767.9999999999995,1763.9999999999995,1767.9999999999995,1779.9999999999995,1799.9999999999995,1827.9999999999995,1863.9999999999995,1907.9999999999995,1959.9999999999995,2019.9999999999995,2087.9999999999995,2163.9999999999995,2247.9999999999995,2339.9999999999995,2439.999999999999,2547.9999999999995,2663.9999999999995,2787.999999999999,2920.0,3059.999999999999,3208.0,3363.9999999999995,3527.999999999999,3700.0,3879.999999999999,4068.0],[4436.0,4240.0,4052.0,3872.000000000001,3700.0000000000005,3536.0000000000005,3380.0000000000005,3232.0000000000005,3092.0000000000005,2960.0000000000005,2836.0000000000005,2720.0000000000005,2612.0000000000005,2512.0000000000005,2420.0000000000005,2336.0000000000005,2260.0000000000005,2192.0000000000005,2132.0000000000005,2080.0000000000005,2036.0000000000005,2000.0000000000005,1972.0000000000005,1952.0000000000005,1940.0000000000005,1936.0000000000005,1940.0000000000005,1952.0000000000005,1972.0000000000005,2000.0000000000005,2036.0000000000005,2080.0000000000005,2132.0000000000005,2192.0000000000005,2260.0000000000005,2336.0000000000005,2420.0000000000005,2512.0000000000005,2612.0,2720.0000000000005,2836.0000000000005,2960.0,3092.000000000001,3232.0,3380.000000000001,3536.0000000000005,3700.0,3872.000000000001,4052.0,4240.000000000001],[4616.0,4420.0,4231.999999999999,4052.0,3879.9999999999995,3715.9999999999995,3559.9999999999995,3411.9999999999995,3271.9999999999995,3139.9999999999995,3015.9999999999995,2899.9999999999995,2791.9999999999995,2691.9999999999995,2599.9999999999995,2515.9999999999995,2439.9999999999995,2371.9999999999995,2311.9999999999995,2259.9999999999995,2215.9999999999995,2179.9999999999995,2151.9999999999995,2131.9999999999995,2119.9999999999995,2115.9999999999995,2119.9999999999995,2131.9999999999995,2151.9999999999995,2179.9999999999995,2215.9999999999995,2259.9999999999995,2311.9999999999995,2371.9999999999995,2439.9999999999995,2515.9999999999995,2599.9999999999995,2691.9999999999995,2791.999999999999,2899.9999999999995,3015.9999999999995,3139.999999999999,3272.0,3411.999999999999,3560.0,3715.9999999999995,3879.999999999999,4052.0,4231.999999999999,4420.0],[4804.0,4608.0,4420.0,4240.000000000001,4068.0000000000005,3904.0000000000005,3748.0000000000005,3600.0000000000005,3460.0000000000005,3328.0000000000005,3204.0000000000005,3088.0000000000005,2980.0000000000005,2880.0000000000005,2788.0000000000005,2704.0000000000005,2628.0000000000005,2560.0000000000005,2500.0000000000005,2448.0000000000005,2404.0000000000005,2368.0000000000005,2340.0000000000005,2320.0000000000005,2308.0000000000005,2304.0000000000005,2308.0000000000005,2320.0000000000005,2340.0000000000005,2368.0000000000005,2404.0000000000005,2448.0000000000005,2500.0000000000005,2560.0000000000005,2628.0000000000005,2704.0000000000005,2788.0000000000005,2880.0000000000005,2980.0,3088.0000000000005,3204.0000000000005,3328.0,3460.000000000001,3600.0,3748.000000000001,3904.0000000000005,4068.0,4240.000000000001,4420.0,4608.000000000001]],"name":"Objective function","opacity":0.5,"showscale":true},{"type":"scatter3d","name":"Iterates","mode":"markers","x":[-5.625,3.1640625,-1.77978515625,1.001129150390625,-0.5631351470947266,0.3167635202407837,-0.17817948013544083,0.10022595757618546,-0.056377101136604324,0.03171211938933993,-0.017838067156503712,0.010033912775533338,-0.005644075936237503,0.003174792714133595,-0.0017858209017001473,0.0010045242572063327,-0.0005650448946785621,0.00031783775325669125,-0.0001787837362068888,0.00010056585161637496,-0.00005656829153421092,0.000031819663987993645,-0.00001789856099324643,0.000010067940558701118,-5.663216564269379e-6,3.185559317401526e-6,-1.791877116038358e-6,1.0079308777715765e-6,-5.669611187465118e-7,3.189156292949128e-7,-1.7939004147838844e-7,1.0090689833159349e-7,-5.6760130311521336e-8,3.1927573300230755e-8,-1.79592599813798e-8,1.0102083739526136e-8,-5.682422103483451e-9,3.196362433209441e-9],"y":[-5.625,3.1640625,-1.77978515625,1.001129150390625,-0.5631351470947266,0.3167635202407837,-0.17817948013544083,0.10022595757618546,-0.056377101136604324,0.03171211938933993,-0.017838067156503712,0.010033912775533338,-0.005644075936237503,0.003174792714133595,-0.0017858209017001473,0.0010045242572063327,-0.0005650448946785621,0.00031783775325669125,-0.0001787837362068888,0.00010056585161637496,-0.00005656829153421092,0.000031819663987993645,-0.00001789856099324643,0.000010067940558701118,-5.663216564269379e-6,3.185559317401526e-6,-1.791877116038358e-6,1.0079308777715765e-6,-5.669611187465118e-7,3.189156292949128e-7,-1.7939004147838844e-7,1.0090689833159349e-7,-5.6760130311521336e-8,3.1927573300230755e-8,-1.79592599813798e-8,1.0102083739526136e-8,-5.682422103483451e-9,3.196362433209441e-9],"z":[6328.125,2002.25830078125,633.5270404815674,200.45191515237093,63.424238778679864,20.067825551066676,6.34958542826719,2.0090485144126657,0.6356755065133826,0.20113170323274993,0.06363932797598729,0.020135881117402228,0.006371118634803048,0.0020158617555431518,0.0006378312585898254,0.0002018137966631869,0.00006385514660046148,0.00002020416747905227,6.3927248664188815e-6,2.0226981022653494e-6,6.399943214198958e-7,2.0249820326176393e-7,6.407169712579252e-8,2.0272685418707796e-8,6.4144043707630145e-9,2.029557632936735e-9,6.421647197963887e-10,2.0318493087307614e-10,6.428898203405924e-11,2.034143572171405e-11,6.4361573963235845e-12,2.0364404261805087e-12,6.443424785961767e-13,2.0387398736832154e-13,6.450700381575799e-14,2.0410419176079672e-14,6.457984192431457e-15,2.0433465608865158e-15],"text":["Point 0","Point 1","Point 2","Point 3","Point 4","Point 5","Point 6","Point 7","Point 8","Point 9","Point 10","Point 11","Point 12","Point 13","Point 14","Point 15","Point 16","Point 17","Point 18","Point 19","Point 20","Point 21","Point 22","Point 23","Point 24","Point 25","Point 26","Point 27","Point 28","Point 29","Point 30","Point 31","Point 32","Point 33","Point 34","Point 35","Point 36","Point 37"]}],"layout":{"width":1600,"height":1000},"config":{}});
        </script>
    </div>
</body>

</html>